730
745
1124
1598
1632
1920
2072
2103
2300
2330
3285
3910
4132
4220
4389
4595
4819
5527
6180
6762
6947
7033
7164
7698
7703
8328
8745
9203
9936
10337
10478
10798
11359
11507
11770
11978
13079
13194
13459
13482
13504
14398
14601
14674
14983
15002
15251
15674
15845
15968
16463
16802
16983
17285
17366
17370
17515
18029
18645
18706
18937
18952
19213
19866
20567
20934
21335
22184
22901
23396
23848
23857
24592
24947
24989
25003
25039
25474
25529
25577
25783
26338
27339
27941
28220
28301
28843
29088
29252
29416
29420
29576
29668
29670
30172
30545
31100
31824
32309
32695
33088
33179
33191
33419
34166
34299
35197
35743
35772
35855
36085
36783
37149
37865
38205
38690
38754
38899
39305
39398
39597
39626
39846
40290
41515
41738
42118
42224
42288
43028
43211
43337
43812
43962
44102
44217
44309
45060
45127
45319
45549
46804
47148
47725
48187
48260
48473
48575
48817
49529
50395
51279
51318
51490
52150
52425
52740
52854
53249
53354
53574
53782
54416
55002
55033
55060
55354
55419
56053
56334
56461
56821
56987
57205
57237
57666
58174
59068
59128
59463
59580
59644
59732
60023
60098
60350
61165
61763
62253
62254
62541
62908
63561
63718
63860
64854
64888
64896
64911
65745
66126
66536
66548
66852
66999
67245
67514
67686
67730
67898
68003
68276
68298
68835
69271
69490
69767
70046
70135
70171
70430
70571
70898
70977
71084
71126
71954
72337
72426
72428
72489
72525
73236
73339
73509
74093
75223
75598
75792
75886
76242
76639
77041
77192
77222
77292
77306
77623
77825
77906
77952
78233
78727
78974
79002
79155
79235
79515
79743
79819
79921
80155
80780
80832
80852
80903
81000
81252
81464
82409
82702
83410
83462
83872
83954
83961
84716
85490
85789
86456
86487
86834
87180
87608
87685
87703
88195
88587
88600
89387
89455
89999
90534
90645
90814
91219
91291
91460
91610
91644
91917
92577
92904
93333
93509
93663
94004
94229
94613
94704
95369
95455
95566
95580
95690
96284
97687
97850
97957
98570
99013
99050
99261
99280
99293
99294
99642
99862
100057
100097
100133
100331
101050
101298
101489
101508
102036
102363
102745
102864
103023
103026
103100
103145
103162
103350
103927
103967
104212
104397
104526
105744
106177
106434
106743
107193
107615
107712
108021
108141
108229
108487
108554
108693
108739
108888
109036
109057
109294
109654
109860
109903
110241
110270
110304
110387
110958
111281
111283
111795
111799
112151
112462
112764
112782
113206
113625
113982
114341
114626
114670
114808
115053
115079
115157
115638
115792
116132
116212
116720
117393
117513
117774
118211
118455
118770
119215
119383
119494
119647
119811
120356
120927
121107
121224
121266
121301
121440
121447
121705
121783
121803
122275
122965
123151
123244
123743
124006
124394
124762
125242
125470
125743
126084
127056
127942
128488
128518
128564
128737
128967
129490
129648
129861
130220
130404
130502
130750
131075
131305
131488
131814
131815
132021
133074
133191
133354
133513
134380
134824
135054
135067
135097
135790
136110
136407
136704
137645
138010
138068
138263
138415
138553
138947
139329
139405
139637
140096
140948
141212
141302
141937
142254
142368
142866
142867
142885
143066
143275
143651
144204
144244
145257
145675
145859
145926
145990
146410
146429
147214
147571
147642
147752
148466
148535
148543
148976
149129
149130
149478
149673
150561
150818
150880
151427
151462
151498
152079
152083
152300
152453
152756
153880
154053
154402
154631
154762
155541
155613
155778
156739
157120
157299
158042
158241
158507
158515
158573
158697
158813
159277
159665
160048
160426
160527
161135
161521
161591
161988
162093
162139
162531
162538
162994
163208
163680
164582
165494
165821
166103
166186
166727
167220
167260
167310
167417
167436
167488
167910
168967
169133
169203
169282
169315
169678
169889
170133
170135
170667
171194
172164
172231
172825
172861
173059
174968
175185
175477
175935
176060
176219
176224
176303
176675
176687
177141
177291
177297
177475
177627
177808
177812
177970
178529
178550
178664
178764
178859
179813
179834
179877
180090
180224
180288
180290
180994
181003
181046
181919
181956
182291
182317
182732
183049
183206
183210
183283
183842
183932
184530
184663
184736
184895
185562
185700
185701
186159
186171
186345
186462
186702
186835
187001
187048
187192
187216
187545
187783
187817
188377
188513
188764
189164
190161
190303
190577
190784
190878
191008
191397
191667
192104
193178
193431
193470
193610
193639
194054
194350
194474
194500
194509
194563
194669
195047
195359
195555
196121
196221
196870
197129
197559
197650
197776
197784
198434
198776
198788
198932
198983
199089
199356
199387
199547
199801
199909
200034
200061
200471
201454
201575
201776
201803
201908
202003
202260
202271
202369
202790
202856
203203
203204
203294
203563
203686
203758
203802
203970
203976
204379
204437
204697
204843
204989
205266
205326
205449
206162
207283
207413
207496
207535
207549
207706
207745
208261
208526
208610
208704
209120
209171
209987
210296
211092
211096
211114
211202
211326
211382
211842
212024
212064
212815
213005
213128
213157
213161
213496
213590
213698
213707
213759
213773
213934
214668
214935
215078
215159
215282
215339
215370
215463
216102
216122
216227
216337
216799
217389
217593
218492
218627
218714
219233
219744
219820
219917
220157
220227
220426
220893
221071
221663
221784
222095
222108
222326
222970
223165
223166
223581
223915
224004
224009
224031
224100
224596
225529
225773
225829
225919
226040
226172
226550
226704
226850
226891
226980
227068
227306
228629
228766
229669
229855
230026
230027
230227
230228
230248
230610
230922
230944
231741
231838
232158
232276
232308
232356
232506
232628
233042
233267
233523
233524
234219
234657
235005
235022
235141
235219
235478
235641
235847
236075
236095
236222
236647
237146
237149
237164
237313
237559
237600
237651
238011
238195
238279
238409
238484
238604
238809
239227
239328
240038
240293
240336
240759
240999
241393
241412
241746
242450
242508
242943
243552
243928
244228
244487
244614
244733
244805
245390
245457
245506
245571
245807
245974
246096
246247
246511
246768
246789
247109
247729
247781
248547
248648
248925
248938
249296
249825
249956
249991
250218
250327
250956
251002
251079
251430
251728
252115
252136
252193
252245
252381
252543
252610
252646
253072
253105
253231
253395
253633
253634
253796
253844
253860
254082
254147
254238
254305
254314
254732
255747
255763
255879
256504
256581
257007
257209
257457
257526
257906
258231
258315
258489
259644
259884
260024
260564
261127
261542
261823
262081
262146
262311
262402
262661
262731
263223
263303
263344
263595
264655
265397
265536
265537
265587
265666
266014
266218
266405
266432
267192
267638
267911
267965
268128
268745
268757
268812
268949
269283
269416
269733
269814
270203
270675
271322
271394
271554
271819
272839
272840
272926
273326
273762
273804
273938
274024
274283
274494
274498
274913
275009
275093
275128
275243
275834
275987
277345
277515
278398
278670
278971
279158
279402
279501
279583
279664
279734
279908
280437
280766
280788
280917
281110
281122
282638
282714
283016
283139
283565
283751
283782
283902
284093
284171
284475
284997
285029
285450
285683
285827
287028
287173
287479
287556
287657
288920
289303
289325
289945
289969
290030
290161
290460
290682
290877
291304
291834
292021
292344
292533
292571
292839
293658
294237
294647
295725
296200
296390
296830
297185
297215
298132
298798
298802
298918
299284
299436
299747
299781
300441
300642
300864
300965
301257
301369
301420
301758
301819
301907
301956
302209
302382
302689
302757
302887
303024
303071
303122
303200
303488
304176
304386
304804
304833
304843
304945
305089
305185
305218
305919
306051
306095
306224
306349
306548
307543
307546
307719
307738
308544
309058
309268
309780
309935
310113
310353
310435
310436
310790
310925
310975
311219
311226
311432
311895
312184
312228
312334
312453
312769
312903
313167
313183
313361
313529
313707
314331
314352
314730
314959
315142
315664
315780
316306
316336
316773
316902
317038
317302
317575
317631
317884
317908
318146
318357
318821
319093
319554
319610
319901
320018
320200
320467
321230
322627
322925
323153
323155
324013
324169
324247
324273
324898
325145
325290
325297
325346
325806
326154
326709
327691
328047
328060
328488
328728
328913
329089
329239
329277
329627
329848
329928
330252
330588
330800
330845
331379
331538
331844
331846
332443
332569
332613
332835
332907
332985
333434
333551
333597
333741
334014
334749
334851
335148
335238
335454
335625
335803
336007
336032
336215
336227
336559
336603
337142
337148
337180
337350
337535
337575
337635
337756
338272
338773
339008
339169
339282
339705
339719
339800
340017
340269
340540
341366
341653
342659
342844
1019335
1107992
1135496
1149951
1150736
1170601
1228479
1231534
1237057
1245166
1306267
1326217
1366732
1408779
1426132
1594469
1624308
1634735
1744454
1797009
1838516
1879121
1950799
1982883
2019652
2056114
2067324
2123138
2334527
2362087
2548197
2570422
2574012
2593456
2814577
2827501
2860444
2924299
3219576
3296079
3363402
3364366
3554964
3572556
3573621
3579308
3728079
3745099
3754758
3820580
3858191
3883673
3902206
3945645
4063847
4063882
4086310
4123444
4162757
4193236
4288146
4445796
4474561
4521595
4532322
4625732
4643171
4766293
4811258
4830587
4831627
4845925
4868442
4909394
4931712
5018876
5042647
5045585
5054584
5069783
5119501
5137359
5158565
5160577
5174610
5222442
5222674
5237534
5308777
5415932
5461609
5487470
5515915
5626288
5631971
5648366
5672712
5709606
5758088
5798346
5811910
5884968
5893451
5927793
5964309
6026236
6040409
6159261
6211293
6305009
6311869
6387941
6556610
6591413
6616638
6654394
6665444
6729351
6751814
6770531
6849093
6852797
6879853
6895455
6927138
6987066
7044535
7079540
7086564
7091250
7122521
7154279
7189244
7190427
7224451
7233276
7253358
7289488
7315153
7342827
7358574
7390884
7412510
7484291
7532482
7536832
7544056
7602456
7603574
7700641
7713926
7779381
7827268
7882307
7925528
7930383
7956824
7994928
8096230
8186606
8271656
8304144
8351755
8366012
8466724
8474052
8614569
8626367
8629629
8664713
8684410
8740941
8764806
8834794
8848545
8917917
8922835
8998750
9033855
9037865
9058890
9079753
9112192
9215549
9225328
9248706
9492350
9496023
9547880
9569119
9621829
9635060
9727233
9754761
9768568
9771564
9974082
9978123
10068587
10115621
10196321
10208103
10331074
10365739
10438407
10465511
10669863
10679480
10691057
10693628
10710732
10716233
10777360
10905347
10989329
11007636
11039015
11072365
11073587
11126708
11180223
11194263
11266451
11295412
11332773
11362919
11363235
11414533
11415902
11417363
11435711
11540263
11542201
11664992
11701619
11731115
11810023
11852734
11952840
11992991
12009081
12108161
12190308
12194971
12240177
12330041
12366974
12398973
12430213
12439100
12445625
12535321
12552058
12557785
12561201
12582878
12594737
12622238
12669181
12934388
13010366
13067683
13096728
13160209
13205090
13218347
13229512
13319220
13419466
13424867
13425510
13465284
13532769
13541163
13545380
13654575
13698236
13887637
13969830
13982156
14018328
14029639
14043157
14167712
14233571
14316997
14329136
14361367
14473678
14520707
14536106
14589258
14619652
14643532
14698897
14708119
14721928
14810920
14904492
14906834
14982938
15060380
15071717
15091832
15216825
15232338
15284512
15319288
15339689
15350467
15406344
15428492
15428693
15494091
15514596
15588716
15650617
15692376
15702122
15704679
15723500
15741784
15758096
15761447
15926420
15929116
16006344
16067266
16128233
16196888
16203250
16382436
16439973
16487008
16494640
16591957
16660550
16676333
16755032
16775731
16791483
16820233
16829513
16889337
16979142
17064403
17080009
17098511
17161206
17183361
17190735
17200070
17204510
17250103
17294020
17340877
17348344
17399267
17559797
17694012
17694609
17723103
17801123
17808066
17822141
17850620
17888918
17937760
17937907
17983837
17984784
18016844
18110877
18113712
18115589
18151280
18170701
18203964
18269270
18368812
18385881
18393584
18394375
18432990
18438050
18453509
18457361
18460946
18485159
18551356
18633595
18669959
18700484
18754154
18882775
18914374
18997700
19029976
19153333
19215948
19254514
19276213
19292718
19319284
19347158
19370388
19402817
19451710
19504018
19641706
19672685
19692844
19708179
19734519
19766291
19782474
19841339
19850495
19875361
19916824
19920079
19936335
20035258
20049125
20113352
20114810
20135303
20148786
20272112
20433824
20447182
20472833
20483412
20529218
20670977
20683463
20722020
20767388
20796602
20823075
20828085
20832786
20874167
20980588
21032915
21048893
21069404
21069505
21070886
21142086
21143135
21169750
21330509
21400791
21407843
21425008
21453534
21514821
21529571
21539355
21571105
21701677
21704379
21781817
21816635
21846282
21870265
21895137
21906139
21920642
21932332
21943663
22017486
22072073
22178234
22283858
22284371
22312767
22384477
22393703
22394321
22408171
22430985
22507612
22533757
22548938
22573927
22665718
22694163
22720952
22752792
22895645
22909620
23067542
23070490
23097889
23121596
23163966
23221800
23245045
23282203
23294332
23318423
23375727
23389935
23521262
23602620
23620151
23648041
23677355
23711290
23771848
23786121
23858299
23897466
24029393
24134492
24150823
24151288
24171671
24344790
24400626
24415853
24427839
24478535
24540253
24545311
24759799
24768787
24815969
24869474
25010781
25084785
25110491
25176849
25206315
25295827
25346235
25349628
25403895
25521977
25555559
25571966
25576261
25595594
25736324
25797702
25811645
25842167
25899313
25964391
25993961
26028873
26044516
26109323
26153680
26205971
26314776
26326935
26349399
26489467
26531786
26580529
26677569
26751209
26794348
26809513
26839367
26842116
27009588
27047619
27064977
27255498
27258754
27358045
27431216
27445310
27496433
27519637
27533034
27570837
27613436
27655935
27723073
27753416
27760539
27807303
27813710
27840303
27872720
28016462
28065067
28073345
28092580
28208607
28210173
28258880
28282774
28305390
28318934
28413067
28495414
28661491
28667400
28730623
28735008
28823679
28907681
28978765
29074185
29102571
29115554
29227269
29241258
29268274
29283382
29308179
29390759
29422697
29559631
29586650
29599343
29629882
29675417
29743936
29774433
29824824
29865365
29925536
30101939
30113708
30148172
30201771
30293921
30303838
30398950
30406165
30415620
30431518
30534719
30559210
30576273
30652072
30670672
30719257
30735456
30811767
30906546
30927482
30947259
30948935
31001297
31116320
31151787
31231705
31307707
31419827
31502268
31601139
31604350
31677779
31725628
31739726
31818648
31833409
31904681
31920022
31930691
31971611
32010245
32034643
32037298
32141863
32166561
32195171
32237771
32370698
32403528
32515689
32534614
32662207
32678830
32720723
32818827
32835374
32862120
32921240
33018587
33020668
33037345
33113294
33146867
33266451
33300303
33357757
33370936
33378056
33424129
33431026
33463014
33476053
33670176
33827660
33829304
33846439
33860082
33860513
33898090
33900038
34019936
34187658
34215867
34226707
34238974
34256026
34260744
34276621
34344225
34359070
34416322
34431594
34518664
34544723
34677468
34690063
34736525
34746698
34750342
34755672
34768808
34804035
34819740
34856104
34875805
34971934
35020005
35054397
35253243
35302023
35319631
35431766
35499531
35502516
35513155
35593703
35618243
35730106
35730975
35748453
35775635
35784052
35878805
35898790
35901998
35935438
35947297
35975014
36008055
36033639
36095547
36121431
36122473
36280836
36346404
36348779
36416004
36548404
36593619
36659563
36706333
36730764
36842485
36955593
36958052
37014349
37113366
37134458
37170843
37191125
37192802
37206094
37208382
37262080
37302671
37351723
37358191
37414787
37436066
37465736
37796269
37796749
37799576
37832359
37832519
37855138
37872285
37873243
37942194
37992187
38147899
38249774
38272236
38407729
38568274
38599881
38634386
38742819
38754242
38783633
38832257
38936116
38965969
38976810
39049876
39079234
39137000
39171778
39188117
39195118
39249960
39313977
39325430
39390683
39414345
39523895
39564807
39647297
39708342
39718493
39734537
39897503
39901446
39985847
40060993
40179498
40271287
40307988
40326887
40615474
40622049
40630771
40640066
40642197
40647942
40669843
40690037
40717486
40841263
40882197
40891717
40981415
41021565
41054019
41056547
41235581
41254761
41311449
41337833
41356823
41376972
41443647
41462721
41464750
41480006
41505033
41526429
41574314
41610886
41660164
41673236
41719271
41776135
41935827
41941000
42106345
42276774
42322032
42329784
42396673
42485979
42489951
42513278
42556343
42566591
42570641
42585719
42705243
42802824
42837744
42857334
42916400
42999352
43018203
43035908
43302489
43364329
43398597
43446988
43457925
43615371
43616315
43630226
43645967
43776050
43896658
43903609
43904135
43933894
44088638
44125106
44128745
44149901
44168220
44231639
44338573
44358143
44413022
44469643
44494697
44517961
44537206
44578293
44638358
44739120
44750799
44781222
44885482
44982484
44988848
44994438
45069691
45131816
45228742
45230051
45291361
45406802
45415880
45418133
45461118
45563969
45573017
45576088
45599848
45790897
45833275
45854551
45895017
45939002
46026984
46052783
46054262
46089355
46100957
46131607
46135165
46198875
46292232
46397441
46398618
46409112
46455748
46481362
46498083
46663513
46721813
46741316
46755264
46815704
46967013
47004656
47069739
47166952
47180424
47232343
47317256
47336229
47350884
47352618
47363805
47618383
47638135
47655525
47686647
47712228
47726502
47769908
47791642
47829157
47894890
47929825
47942566
47954318
47982331
48030936
48074116
48101924
48209589
48229629
48241801
48243408
48298269
48392399
48427430
48458925
48508591
48535675
48567773
48568245
48572207
48586579
48613320
48670802
48679089
48704566
48734543
48761028
48783156
48837252
48850863
48877458
48889152
48951815
49073065
49101755
49256381
49311602
49373192
49426863
49428124
49536340
49551838
49575267
49776390
49783859
49789340
49896733
49983452
50025191
50036828
50049510
50150449
50217109
50228511
50233326
50253232
50382323
50384532
50420178
50445945
50483812
50538474
50571533
50700718
50787617
50875482
50935885
50949719
50952355
51053939
51091661
51137137
51139333
51139578
51160141
51232774
51255215
51350200
51352791
51398857
51411523
51452175
51452842
51467589
51493116
51496907
51503716
51567112
51571190
51578826
51634841
51680420
51726360
51775148
51775903
51832424
51897185
51961807
52020603
52200369
52258476
52265845
52405439
52440447
52562561
52676882
52740863
52779878
52815591
52817352
52831518
52895078
52916834
53051743
53133164
53158443
53229802
53288036
53292309
53309853
53329650
53343212
53345639
53367850
53498362
53540611
53568215
53621646
53627887
53641640
53665047
53757753
53774875
53805962
53808158
53834212
53873816
53897428
53925325
54001680
54013347
54063245
54098685
54292335
54338231
54397851
54400767
54474539
54475110
54487351
54714301
54774214
54793588
54845637
54855653
54868343
54890146
54907007
54923727
54991416
55025653
55060902
55111045
55222930
55434926
55715922
55724631
55921392
55976189
55982140
56002762
56125086
56174841
56204125
56216003
56308175
56376610
56381693
56382803
56385235
56479755
56493073
56581526
56593559
56594928
56634166
56654981
56769627
56927863
56990554
57013110
57032453
57043307
57043450
57068751
57074938
57078294
57090966
57249593
57320649
57358781
57372172
57378218
57547961
57559816
57681583
57686715
57839024
57846483
57927713
57958953
57988713
58006418
58049237
58056272
58070066
58096682
58147789
58162450
58173673
58239468
58242751
58244212
58292877
58361162
58494516
58527015
58582922
58635449
58661501
58702532
58755427
58819647
58856330
58888751
58933025
58963376
58990630
59035039
59048477
59049892
59087004
59106362
59155581
59206712
59237112
59287246
59361580
59389603
59457237
59498091
59517412
59600991
59625761
59755963
59850750
59851245
59907038
60022063
60072280
60077640
60082937
60114336
60229192
60236596
60292952
60351317
60448244
60455124
60476366
60498594
60581818
60717845
60720642
60754510
60769248
60868379
60894865
60896285
60940369
60946236
60975791
60983185
61014952
61044710
61069263
61086594
61111791
61115846
61134104
61206482
61226666
61361837
61381457
61445376
61501795
61517181
61540602
61547640
61676194
61700731
61803685
61843700
61866802
61921641
62013544
62044958
62077340
62086407
62131858
62202304
62242201
62282842
62292927
62324231
62341610
62352511
62367836
62404564
62522166
62522829
62573030
62622592
62695445
62797090
62799017
62987535
63000969
63051618
63142088
63252221
63270940
63287280
63291592
63377924
63387962
63437265
63468554
63493736
63508871
63640268
63675288
63677512
63710100
63722367
63729957
63730187
63743124
63753371
63799162
63998866
64006420
64021710
64131159
64298890
64299574
64301948
64359093
64379782
64422565
64427384
64432366
64466592
64500739
64584558
64620384
64625271
64674300
64747293
64777436
64786413
64956496
64980367
65031744
65082632
65114256
65230573
65333415
65381947
65406030
65415763
65525730
65645696
65655125
65873581
65899705
65963501
65978932
65979030
66000729
66022701
66027202
66041568
66051352
66103495
66209070
66221774
66249054
66252300
66262368
66385558
66400014
66425158
66425544
66594085
66677833
66716030
66847793
66874784
66965738
67112741
67240327
67241270
67300662
67321542
67406546
67507321
67691418
67713721
67816252
67834423
67916316
67955260
67956884
67962052
67962803
67968147
68037913
68068114
68143849
68160966
68210498
68270337
68328912
68345593
68490100
68535149
68550949
68625088
68633843
68637164
68643457
68656761
68670128
68679949
68771249
68843297
68873934
68973156
68988673
68996522
68998971
69002052
69010923
69037033
69070587
69104537
69137576
69184001
69192758
69217524
69220264
69253887
69285064
69353018
69370664
69373577
69489397
69495169
69508592
69561279
69562605
69598526
69647693
69659448
69727089
69772173
69998442
70055532
70136369
70185284
70189146
70270634
70317034
70505278
70533944
70576635
70611740
70665843
70718336
70779589
70863965
70987540
71037110
71066710
71098197
71117832
71132525
71171595
71299170
71323295
71328417
71399090
71421087
71503431
71521763
71565997
71627745
71740669
71816360
71843921
71856115
72009300
72040403
72095866
72147416
72147688
72162556
72208309
72221625
72283619
72341756
72364882
72587600
72639559
72722865
72733015
72770043
72810857
72853018
72865069
72943445
73010689
73022626
73077610
73141463
73287744
73289331
73291580
73338436
73342276
73345291
73501891
73557446
73569281
73580588
73693128
73780016
73799799
73815467
73851761
73919673
73946376
74103193
74112429
74122020
74149151
74152447
74196652
74202785
74271799
74285001
74432219
74516485
74516761
74646668
74713759
74733910
74738077
74752477
74778573
74831033
74917743
74940816
74971609
74987849
74994691
75023817
75030174
75090517
75093886
75163088
75249509
75375051
75441219
75498290
75499040
75526848
75585131
75714505
75757037
75829070
75840214
75840836
75840989
75901991
75954855
75990776
76265178
76391041
76395448
76513835
76540137
76572933
76634959
76640730
76662502
76664136
76737053
76798495
76804558
76835018
76908532
76929031
76950011
76971470
76986398
77030468
77033938
77050913
77128442
77139998
77168729
77329655
77355092
77406029
77447252
77559633
77632410
77639825
77655020
77655924
77699478
77725459
77746327
77799065
77806327
77823479
77909764
77911129
77930269
77933029
78066936
78071200
78144610
78344937
78373800
78376597
78379142
78407037
78461679
78466781
78480403
78617001
78691188
78697085
78741329
78811302
78811388
78889492
78927046
79044967
79052637
79122824
79151380
79286628
79307105
79309757
79321815
79324471
79333412
79385136
79393712
79398854
79400744
79589476
79641012
79712309
79715938
79737563
79786211
79853648
79883325
79906724
79909698
79984411
80095284
80128373
80186364
80215603
80261729
80301338
80517263
80598025
80633803
80644071
80673882
80730786
80804933
80863915
80944906
80961519
81006845
81017882
81042522
81060736
81078691
81192693
81223209
81232295
81253442
81274374
81401873
81448561
81597243
81660321
81686568
81730840
81751213
81767213
81790531
81886891
81889909
81913314
81950128
81983921
82043184
82116600
82157690
82160413
82238542
82359069
82419877
82510330
82517333
82517427
82543181
82592591
82727053
82798938
82834152
82839667
82840526
82895455
82942911
82956932
83016336
83024891
83084707
83136281
83216279
83229482
83237104
83273122
83278224
83285839
83306213
83377667
83423091
83428038
83501773
83578230
83633172
83654139
83704874
83772004
83833664
83894218
83986391
84010854
84055077
84107007
84107887
84114467
84169704
84251956
84422034
84438807
84542770
84546987
84600120
84680127
84701009
84724459
84755147
84763209
84773554
84784715
84849072
84937194
84961927
85047008
85087271
85113493
85132953
85201260
85209628
85494986
85568314
85645570
85697027
85713794
85722351
85732072
85779051
85790549
85849604
85858870
85878056
85892144
85912024
85998457
86006342
86068216
86082633
86100374
86237249
86258291
86258843
86281789
86316940
86318859
86331608
86435502
86479450
86483559
86637920
86682986
86853599
86875691
86931952
86944825
86978494
86980896
87017483
87038037
87045722
87083570
87166131
87168467
87189898
87193746
87216787
87240115
87248837
87355907
87383717
87384287
87418247
87450743
87712686
87771300
87830192
87833938
87922979
88075655
88113262
88130740
88199476
88318684
88335228
88372093
88378172
88381732
88443230
88492912
88578296
88651372
88730230
88733644
88872698
88875467
88989291
88990907
89023208
89095260
89278328
89285651
89325014
89327929
89361203
89506421
89580488
89612326
89613764
89763536
89827083
89853309
89908996
89959118
89974418
89980429
89996660
90001213
90098804
90151673
90153329
90164039
90180482
90188238
90193248
90198283
90222007
90284720
90318403
90325864
90429960
90509277
90535444
90539476
90582474
90614124
90663647
90700440
90768535
90795265
90799016
90813331
90857932
90880969
90950273
90976719
90986412
91042581
91091065
91177254
91252100
91270103
91293987
91327966
91367522
91449873
91470841
91484679
91569173
91581101
91642065
91676719
91691453
91732512
91759166
91760741
91836004
91836804
91994218
92040236
92045511
92113420
92114915
92115051
92148656
92253169
92263953
92296606
92321294
92330883
92332602
92412349
92436396
92564906
92577210
92769684
92819190
92829168
92845579
92900743
92916085
92928530
92999561
93135161
93260510
93303567
93673446
93682013
93686217
93701425
93705806
93741151
93751792
93756669
93772396
93795513
93848612
93866109
93918542
93923383
93971222
93987483
94021808
94066636
94073704
94116568
94155215
94204472
94313984
94325716
94344279
94345286
94374358
94375084
94419268
94488708
94514485
94621519
94643579
94661251
94676718
94714980
94730957
94870591
94888304
94924634
94935361
94949090
95054565
95110246
95127051
95151726
95192661
95243481
95284396
95326729
95336452
95373927
95404147
95416643
95449339
95450752
95518869
95600283
95669793
95680720
95734481
95734686
95735933
95810605
95941582
95944575
96226194
96250777
96338147
96403793
96448300
96457351
96544576
96552995
96755780
96914178
96950346
97011617
97100885
97109451
97110605
97111379
97120903
97128504
97130922
97221300
97256645
97293261
97312508
97321293
97388897
97411149
97538098
97544837
97614844
97725738
97736859
97759814
97766291
97835848
97895407
97960909
97998269
98093823
98224913
98261512
98299516
98357025
98448729
98462441
98491841
98658462
98671579
98694775
98720151
98800009
98807048
98832629
98840050
99021575
99114952
99158421
99319278
99330650
99349362
99368145
99390548
99453348
99523947
99538591
99660133
99715839
99755210
99761129
99801307
99863752
99886885
99943177
100012747
100017743
100018744
100101119
100145299
100426880
100560232
100571928
100588254
100590632
100653729
100789268
100874766
100890774
100928881
101023493
101119111
101125840
101241553
101310071
101323749
101326940
101349530
101376210
101547129
101595704
101631565
101637641
101652534
101712254
101796890
101870045
101955355
101990451
102004011
102007339
102048510
102093938
102096317
102134564
102178865
102219985
102302473
102315326
102337497
102350999
102389747
102404483
102417599
102467299
102479413
102479522
102496947
102506887
102529486
102667737
102692257
102700077
102772502
102854721
102864430
102869165
102872261
102924312
102971259
102994328
102999753
103047716
103310781
103428710
103453692
103569045
103613970
103740550
103766729
103770531
103787063
103802998
103837158
103855524
103978798
104025081
104088174
104115170
104167066
104304755
104321005
104344364
104365025
104378116
104396329
104431374
104451216
104468298
104500417
104620343
104712801
104719061
104723380
104767924
104838165
104855013
104932997
104958606
105002662
105025507
105099314
105100736
105107266
105135244
105164118
105164408
105164597
105309744
105343648
105344515
105345794
105425239
105433334
105439868
105488745
105502451
105523560
105564120
105613898
105636094
105640435
105653011
105699563
105739240
105869076
106057072
106073135
106223882
106224758
106262435
106416492
106418576
106422882
106474668
106520041
106540496
106562150
106619084
106648874
106690124
106783625
106793212
106903418
106946255
107116166
107165985
107201222
107448991
107634822
107636565
107659390
107668196
107731534
107760699
107788969
107807203
107836210
107873281
107905568
107964362
108055321
108156870
108264082
108374759
108377516
108422825
108495172
108515604
108542869
108584081
108659894
108749436
108771817
108788660
108794725
108814371
108857559
108897342
108913976
108957216
108980608
109026809
109038297
109051091
109083977
109152105
109187160
109199389
109201997
109233382
109242918
109245931
109318420
109431067
109438196
109439464
109452173
109496670
109496815
109524431
109537430
109575758
109626498
109786118
109863612
109916044
110086563
110134728
110245068
110255355
110255618
110271758
110285813
110339223
110354955
110448747
110548280
110715196
110720057
110721898
110750341
110769373
110912645
110923057
110925766
110959047
111171589
111216091
111245629
111271820
111446272
111481946
111494318
111518007
111601371
111679787
111702099
111941650
111997875
112007948
112031229
112049038
112060173
112061925
112105084
112131416
112220827
112232649
112273036
112288243
112301542
112415474
112424999
112475720
112507491
112570177
112578952
112697046
112725115
112748248
112774923
112835319
112838400
112849455
112884876
112891886
112930469
112969725
113044327
113195222
113242006
113327878
113372213
113402917
113405851
113471087
113497426
113533602
113611054
113822339
113831168
113909820
113941323
113973531
113976590
114060180
114090538
114152737
114277177
114301705
114356991
114396332
114431218
114459003
114478854
114510562
114685474
114691793
114805967
114809828
114840348
114843627
114945034
114975586
114997468
115038377
115209058
115304173
115319335
115483018
115557395
115634018
115766960
115839540
115849232
115989107
116147363
116166781
116181773
116183683
116345919
116388950
116410559
116418066
116431587
116441198
116532135
116585343
116598895
116679053
116764335
116880255
116920810
116977094
117055175
117062998
117065327
117070180
117091899
117185951
117262615
117403293
117425583
117429441
117465594
117479408
117492912
117500992
117519065
117590012
117656667
117767404
117791422
117821621
117856179
117909248
117995963
118048579
118291075
118329360
118349265
118373533
118381916
118389486
118545866
118593909
118595657
118606724
118681647
118760315
118761338
118926278
118955467
118966518
118968385
119024362
119031102
119035658
119069736
119173316
119178558
119182558
119220981
119235488
119240467
119264179
119327898
119506614
119512446
119547853
119851426
119879213
119933820
119959793
119966874
119999488
120016736
120055806
120332772
120365669
120374727
120489557
120524312
120526977
120621144
120717385
120797603
120944709
120951139
121051157
121069321
121132132
121207692
121211169
121247143
121248104
121274615
121311699
121399722
121442383
121454272
121456044
121536728
121536777
121577984
121615670
121656493
121808328
121819741
121990992
122022568
122093078
122129863
122200854
122233366
122406441
122426571
122438040
122452449
122756636
122835499
122904999
123035832
123038520
123045682
123046619
123049303
123234980
123330458
123350976
123353974
123360355
123367315
123394632
123413743
123434604
123442300
123500741
123693032
123753173
123772130
123811670
123849855
123872342
123966600
123983404
123996080
124016997
124023129
124023359
124026464
124100157
124100352
124169939
124189544
124227118
124280399
124331722
124348848
124402447
124468623
124539003
124590707
124601147
124608388
124664682
124742587
124781998
124803839
124964631
124964703
124998548
125105600
125113440
125176284
125234535
125236538
125238759
125309678
125364012
125438948
125470497
125545259
125626924
125643018
125664244
125676456
125692363
125696158
125804122
125838400
125889687
125893247
125894120
125995700
126019119
126064914
126072689
126089582
126091280
126172218
126175029
126185385
126215080
126308934
126347345
126367996
126386017
126411394
126441371
126463327
126547131
126576484
126633163
126745808
126780686
126866587
126927279
127035076
127087063
127097212
127100219
127189138
127226794
127227730
127249666
127296295
127378756
127437349
127521600
127570499
127624949
127633216
127634363
127645065
127708254
127727509
127779559
127812263
127888194
127897121
127928160
128089118
128149778
128159801
128238629
128346968
128391675
128451231
128615725
128664786
128678785
128698690
128735416
128761918
128839699
128900162
128926736
128992591
129003634
129019585
129073978
129175387
129217551
129237530
129259953
129277104
129296519
129311413
129329222
129336792
129524163
129546183
129554871
129687910
129722950
129729789
129759341
129773611
129828542
129832862
129913235
129999603
130088373
130102752
130188020
130231675
130263372
130319749
130375489
130414189
130552230
130639669
130659834
130755807
